0 0.1661762645369203 0.31855714906562366 0.05814768109850079 0.26401564537157757
0 0.3003362757461118 0.31855714906562366 0.07426089393302508 0.26401564537157757
0 0.44780720190556256 0.32779226423294217 0.05814768109850084 0.24119947848761408
0 0.5959787025360795 0.3326814428509344 0.06165055345383208 0.25097783572359844
0 0.7332912988650694 0.33702737940026073 0.05884825556956707 0.2553237722729248
0 0.16092195600392323 0.6678617992177314 0.05184251085890428 0.23685354193828762
0 0.7353930222782682 0.6928509343763581 0.05044136191677183 0.2520643198609299
0 0.3027882863948438 0.6819860930030421 0.05114193638783801 0.2564102564102563
0 0.4432534678436318 0.6895914819643633 0.051842510858904386 0.25206431986092986
0 0.5914249684741488 0.6901347240330291 0.05674653215636829 0.2574967405475879
