0 0.09032456056023484 0.29046250639497545 0.08873836233352311 0.1458598656783028
0 0.09808916726441812 0.4591810077392809 0.10870449385856583 0.1284437623137293
0 0.4637651687138114 0.11031468721766861 0.12719165267804994 0.09252304912429657
0 0.8331386019271014 0.5255799018167173 0.09243579409741996 0.15021389151944617
0 0.5598983945751281 0.8107685944116079 0.08725938962796446 0.15674493028116124
1 0.3325063410954751 0.3818970490589862 0.042150722108423494 0.12191272355201435
1 0.6922664517226335 0.33291425834612326 0.06655377175014247 0.1153816847902993
1 0.7414422941824608 0.08527903863109425 0.08651990327518501 0.07946097160086645
1 0.9118938984981033 0.16909403607310405 0.07394863527793588 0.12517824293287177
1 0.5329071426986816 0.45700399481870924 0.11314141197524195 0.04571727133200536
1 0.2973807393384555 0.6649087287333051 0.04880609928343773 0.13497480107544438
1 0.10881171937971883 0.6883116176294507 0.08134349880572952 0.1273552558534435
1 0.8956251987369573 0.7666840827700313 0.07542760798349478 0.12300123001230016
1 0.9399943799037189 0.9163537210593344 0.0916963077446405 0.07837246514058062
1 0.250717301762196 0.05869498960476329 0.04452077586908133 0.11738997920952658
