0 0.705674 0.360092 0.300236 0.197248
0 0.456265 0.584862 0.250591 0.215596
0 0.170213 0.561927 0.269504 0.192661
0 0.158392 0.872706 0.217494 0.254587
0 0.330969 0.223624 0.255319 0.190367
0 0.407801 0.377294 0.257683 0.231651
0 0.416076 0.500000 0.283688 0.233945
0 0.660757 0.260321 0.262411 0.217890
0 0.886525 0.167431 0.222222 0.243119
0 0.295508 0.136468 0.260047 0.213303
0 0.492908 0.099771 0.186761 0.194954
0 0.083924 0.272936 0.163121 0.229358
0 0.076832 0.853211 0.148936 0.233945
3 0.151300 0.439220 0.156028 0.162844
3 0.067376 0.541284 0.130024 0.133028
0 0.106383 0.072248 0.208038 0.139908
1 0.138298 0.126147 0.248227 0.142202
1 0.709220 0.086009 0.137116 0.167431
1 0.203310 0.348624 0.222222 0.188073
1 0.193853 0.711009 0.349882 0.123853
1 0.437352 0.259174 0.241135 0.165138
