0 0.172852 0.756223 0.123047 0.112738
0 0.284180 0.781113 0.082031 0.153734
0 0.121094 0.634700 0.060547 0.133236
0 0.136719 0.461201 0.115234 0.070278
0 0.123047 0.543924 0.099609 0.103953
0 0.260254 0.650805 0.118164 0.092240
0 0.375977 0.789898 0.080078 0.153734
0 0.353516 0.680820 0.054688 0.137628
0 0.466309 0.871889 0.118164 0.130307
0 0.855469 0.428990 0.058594 0.102489
0 0.879395 0.555637 0.053711 0.124451
0 0.832520 0.662518 0.122070 0.083455
0 0.719727 0.854319 0.128906 0.130307
0 0.602051 0.708638 0.051758 0.143485
0 0.664551 0.742313 0.079102 0.149341
0 0.758301 0.759883 0.124023 0.111274
0 0.579102 0.853587 0.097656 0.155198
0 0.708008 0.656662 0.123047 0.077599
0 0.801270 0.597365 0.098633 0.081991
0 0.787598 0.508785 0.108398 0.077599
0 0.770020 0.551977 0.088867 0.084919
0 0.678223 0.559297 0.096680 0.096633
0 0.702637 0.500732 0.063477 0.087848
0 0.641602 0.604685 0.076172 0.108346
0 0.479004 0.781113 0.127930 0.077599
0 0.545410 0.691069 0.067383 0.114202
0 0.566895 0.619327 0.110352 0.070278
0 0.457031 0.687408 0.093750 0.101025
0 0.435059 0.621523 0.094727 0.080527
0 0.225098 0.568814 0.112305 0.080527
0 0.336426 0.589312 0.114258 0.068814
0 0.221191 0.467057 0.059570 0.128843
0 0.478027 0.507321 0.059570 0.092240
0 0.180176 0.377745 0.071289 0.096633
0 0.277832 0.459736 0.063477 0.087848
0 0.305176 0.533675 0.114258 0.060029
0 0.400879 0.554173 0.077148 0.092240
0 0.329590 0.461201 0.061523 0.096633
0 0.260742 0.346999 0.089844 0.070278
0 0.336426 0.200586 0.092773 0.055637
0 0.262207 0.305271 0.096680 0.057101
0 0.260742 0.408492 0.089844 0.061493
