1 0.3833333333333333 0.35064935064935066 0.04533333333333333 0.13786213786213786
2 0.38 0.5084915084915085 0.04933333333333333 0.08191808191808192
0 0.49066666666666664 0.35364635364635366 0.04533333333333333 0.11988011988011987
3 0.45699999999999996 0.3916083916083916 0.028666666666666667 0.04795204795204795
3 0.4723333333333333 0.4240759240759241 0.03133333333333333 0.058941058941058944
2 0.43266666666666664 0.43306693306693306 0.052 0.07692307692307693
5 0.45999999999999996 0.492007992007992 0.04133333333333333 0.06493506493506493
0 0.4116666666666666 0.4695304695304695 0.056666666666666664 0.12187812187812187
3 0.518 0.43456543456543456 0.08266666666666667 0.07592407592407592
3 0.433 0.36513486513486515 0.07266666666666667 0.07292707292707293
