1 0.579452 0.532338 0.041096 0.208955
1 0.541096 0.761194 0.041096 0.218905
1 0.742466 0.211443 0.076712 0.194030
1 0.334247 0.465174 0.115068 0.154229
1 0.420548 0.345771 0.117808 0.134328
1 0.615068 0.218905 0.095890 0.149254
1 0.479452 0.748756 0.071233 0.194030
1 0.524658 0.427861 0.073973 0.169154
1 0.765753 0.445274 0.079452 0.174129
1 0.658904 0.696517 0.095890 0.208955
1 0.457534 0.241294 0.109589 0.134328
1 0.436986 0.504975 0.046575 0.194030
1 0.369863 0.684080 0.043836 0.213930
1 0.415068 0.674129 0.106849 0.084577
1 0.526027 0.611940 0.082192 0.139303
1 0.623288 0.490050 0.046575 0.124378
1 0.706849 0.422886 0.126027 0.089552
1 0.642466 0.345771 0.123288 0.124378
1 0.664384 0.233831 0.101370 0.149254
1 0.694521 0.271144 0.084932 0.114428
1 0.561644 0.460199 0.071233 0.144279
1 0.324658 0.554726 0.063014 0.144279
1 0.369863 0.231343 0.082192 0.124378
1 0.443836 0.144279 0.115068 0.129353
1 0.400000 0.186567 0.098630 0.134328
1 0.521918 0.189055 0.052055 0.159204
1 0.605479 0.728856 0.071233 0.194030
1 0.719178 0.666667 0.052055 0.179104
1 0.484932 0.398010 0.060274 0.149254
