2 0.61328125 0.8182245185533115 0.1553125 0.20385157350868954
2 0.84265625 0.8057773602630344 0.1546875 0.2043212775951151
2 0.7346875 0.5906528886801315 0.1875 0.24847346171911697
2 0.816875 0.2571629873179897 0.226875 0.29544387036167213
3 0.95484375 0.6573508689525599 0.0903125 0.3348990136214185
3 0.42484375 0.6937529356505402 0.29281250000000003 0.20479098168154064
3 0.23453125 0.5925317050258337 0.2596875 0.27947393142320337
2 0.1634375 0.4387036167214655 0.19 0.2386096759041804
2 0.275625 0.2853452325035228 0.1775 0.24565523720056365
2 0.096875 0.2545796148426491 0.181875 0.18412400187881636
3 0.3159375 0.07656176608736497 0.23500000000000001 0.14936589948332551
3 0.52953125 0.43846876467825274 0.2328125 0.31517144199154534
3 0.411875 0.375293565054016 0.244375 0.2883983090652889
