2 0.376953125 0.5122950819672131 0.10546875 0.1284153005464481
2 0.37109375 0.6530054644808743 0.11328125 0.14754098360655737
2 0.4052734375 0.837431693989071 0.123046875 0.17759562841530055
2 0.5419921875 0.7950819672131147 0.115234375 0.16393442622950818
2 0.6533203125 0.8155737704918032 0.123046875 0.16666666666666666
2 0.484375 0.6707650273224044 0.109375 0.15027322404371585
2 0.482421875 0.5368852459016393 0.10546875 0.12295081967213115
2 0.423828125 0.3989071038251366 0.1015625 0.12021857923497267
2 0.515625 0.43169398907103823 0.09375 0.11475409836065574
2 0.599609375 0.3797814207650273 0.09375 0.10382513661202186
2 0.6904296875 0.43169398907103823 0.107421875 0.10382513661202186
2 0.6044921875 0.4931693989071038 0.103515625 0.11748633879781421
2 0.693359375 0.5478142076502732 0.1015625 0.1284153005464481
2 0.8046875 0.5942622950819673 0.10546875 0.1448087431693989
2 0.705078125 0.6898907103825137 0.1171875 0.1557377049180328
2 0.5859375 0.6188524590163934 0.11328125 0.13934426229508196
2 0.0986328125 0.5710382513661202 0.107421875 0.1366120218579235
