2 0.28055555555555556 0.4708333333333333 0.07592592592592592 0.10277777777777779
2 0.38703703703703707 0.6111111111111112 0.02962962962962963 0.044444444444444446
2 0.45 0.5861111111111111 0.05555555555555556 0.07777777777777778
2 0.37592592592592594 0.5611111111111111 0.05185185185185186 0.07222222222222223
3 0.3527777777777778 0.513888888888889 0.06851851851851852 0.044444444444444446
2 0.35185185185185186 0.4513888888888889 0.044444444444444446 0.06944444444444445
2 0.36388888888888893 0.40555555555555556 0.031481481481481485 0.044444444444444446
1 0.38703703703703707 0.47361111111111115 0.03333333333333333 0.09166666666666667
3 0.41203703703703703 0.4527777777777778 0.02777777777777778 0.10555555555555556
2 0.42129629629629634 0.5333333333333333 0.0462962962962963 0.07777777777777778
