3 0.283096926713948 0.4408127208480565 0.16666666666666666 0.22084805653710246
3 0.41666666666666663 0.6042402826855123 0.13120567375886524 0.28975265017667845
3 0.7021276595744681 0.5282685512367491 0.15130023640661938 0.2226148409893993
3 0.6926713947990544 0.24558303886925795 0.13238770685579196 0.26855123674911663
3 0.48404255319148937 0.13604240282685512 0.18557919621749408 0.1872791519434629
3 0.5342789598108747 0.23851590106007067 0.1773049645390071 0.1413427561837456
3 0.567966903073286 0.3878091872791519 0.19030732860520094 0.18551236749116606
3 0.5526004728132388 0.5998233215547704 0.1690307328605201 0.2243816254416961
3 0.4314420803782506 0.4567137809187279 0.1442080378250591 0.25618374558303886
3 0.34929078014184395 0.25265017667844525 0.19267139479905437 0.18021201413427562
