3 0.48162939297124596 0.4509594882729211 0.05591054313099041 0.10021321961620469
3 0.505591054313099 0.5511727078891258 0.07507987220447285 0.06609808102345416
3 0.5463258785942492 0.5970149253731343 0.054313099041533544 0.10660980810234541
3 0.5463258785942492 0.4466950959488273 0.054313099041533544 0.08742004264392324
3 0.5662939297124601 0.5106609808102345 0.04952076677316294 0.06183368869936034
3 0.6182108626198083 0.5724946695095948 0.08306709265175719 0.07462686567164178
3 0.6325878594249201 0.4957356076759062 0.07667731629392971 0.07036247334754797
3 0.6916932907348242 0.47334754797441364 0.07348242811501597 0.1023454157782516
3 0.6653354632587859 0.3837953091684435 0.06230031948881789 0.08102345415778252
3 0.6014376996805112 0.39872068230277186 0.06230031948881789 0.08102345415778252
